输出时间和GFLOPS
tensor1d-times:
0.57009
0.589877
0.588122
15.8871
1.79488
1.0735
0.463084
7.94455
0.958003
0.908924
0.7792
0.542505
tensor1d-gflogs:
3.6982
3.70529
3.9419
3.00189
2.73845
2.19775
3.67807
2.24584
2.24416
2.19337
2.18005
2.17445
tensor4d-times:
0.577012
0.600223
0.606862
16.2581
1.82095
1.0996
0.508865
8.31373
1.00242
0.939307
0.795978
0.560049
tensor4d-gflogs:
3.65383
3.64142
3.82018
2.93338
2.69925
2.1456
3.34716
2.14611
2.14472
2.12242
2.1341
2.10633
wetensor-times:
0.58433
0.602207
0.602688
15.9536
1.79352
1.08408
0.457737
7.9974
0.954946
0.910217
0.786883
0.548429
wetensor-gflogs:
3.60807
3.62943
3.84663
2.98938
2.74053
2.17632
3.72103
2.231
2.25134
2.19025
2.15876
2.15096
