输出时间和GFLOPS
tensor1d-times:
3.46679
3.61929
4.0473
82.4708
8.49585
4.3772
3.05774
32.2703
3.89103
3.58723
3.07188
2.13069
tensor1d-gflogs:
0.608142
0.603893
0.572807
0.578281
0.578541
0.538997
0.55703
0.552898
0.552529
0.555751
0.552982
0.553647
tensor4d-times:
3.95206
4.11375
4.51243
97.1272
9.80776
4.95215
3.39234
38.7752
4.7306
4.40395
3.57911
2.43576
tensor4d-gflogs:
0.53347
0.531307
0.513762
0.491019
0.501154
0.476419
0.502088
0.460144
0.454469
0.452686
0.474614
0.484303
wetensor-times:
0.580727
0.602666
0.608036
15.8794
1.82275
1.09271
0.526602
8.12562
0.964531
0.914715
0.783999
0.548496
wetensor-gflogs:
3.63046
3.62666
3.8128
3.00334
2.69659
2.15912
3.23443
2.19579
2.22897
2.17948
2.1667
2.1507
