输出时间和GFLOPS
tensor1d-times:
1.04295
1.05003
1.04723
26.94
2.80692
1.6107
0.645957
11.4626
1.41777
1.29222
1.19138
0.767969
tensor1d-gflogs:
2.02148
2.08153
2.21375
1.77028
1.7511
1.46476
2.63679
1.55656
1.5164
1.54277
1.42581
1.53606
tensor4d-times:
1.09969
1.09416
1.06729
27.3535
2.9057
1.60657
0.784061
11.7706
1.44266
1.33978
1.10929
0.850611
tensor4d-gflogs:
1.91718
1.99757
2.17214
1.74352
1.69157
1.46853
2.17235
1.51583
1.49024
1.48801
1.53133
1.38682
wetensor-times:
1.02803
1.04913
0.971748
26.8968
2.91984
1.58904
0.615765
11.4381
1.36868
1.30771
1.11221
0.803841
wetensor-gflogs:
2.05082
2.08331
2.38572
1.77312
1.68338
1.48473
2.76608
1.55989
1.57079
1.52451
1.52731
1.46751
