输出时间和GFLOPS
tensor1d-times:
0.569221
0.592133
0.728489
16.0246
1.80109
1.07933
0.58696
7.94757
0.957573
0.907578
0.778173
0.543392
tensor1d-gflogs:
3.70384
3.69118
3.18237
2.97613
2.72901
2.1859
2.90182
2.24499
2.24516
2.19662
2.18292
2.1709
tensor4d-times:
0.585796
0.607556
0.624698
19.3421
2.03746
1.21111
0.559542
9.9536
1.21417
1.14991
0.887884
0.589427
tensor4d-gflogs:
3.59904
3.59747
3.7111
2.46567
2.41242
1.94805
3.04402
1.79254
1.77069
1.7337
1.91319
2.00135
wetensor-times:
0.583494
0.601686
0.605906
15.9824
1.79666
1.08931
0.527872
7.98201
0.95316
0.907453
0.78493
0.548529
wetensor-gflogs:
3.61324
3.63257
3.8262
2.98399
2.73574
2.16587
3.22664
2.2353
2.25556
2.19692
2.16413
2.15057
