输出时间和GFLOPS
tensor1d-times:
3.32908
3.49269
3.86043
81.034
7.99165
3.91487
2.92991
30.4297
3.61305
3.4228
2.79896
1.92815
tensor1d-gflogs:
0.6333
0.625782
0.600534
0.588534
0.615042
0.60265
0.581334
0.58634
0.595041
0.582448
0.606902
0.611804
tensor4d-times:
3.98101
4.14321
4.47108
97.6925
9.93149
4.99115
3.2951
39.0209
4.77887
4.45366
3.59176
2.43663
tensor4d-gflogs:
0.529591
0.527529
0.518514
0.488178
0.494911
0.472696
0.516905
0.457246
0.449878
0.447633
0.472941
0.484131
wetensor-times:
0.583512
0.612198
0.630788
16.2356
1.82904
1.0876
0.530523
8.08331
0.96546
0.911614
0.783413
0.545014
wetensor-gflogs:
3.61313
3.5702
3.67527
2.93745
2.68731
2.16926
3.21052
2.20729
2.22682
2.1869
2.16832
2.16444
