输出时间和GFLOPS
tensor1d-times:
0.572083
0.59435
0.73405
15.9937
1.80541
1.08571
0.585751
7.96666
0.953348
0.906119
0.774785
0.543747
tensor1d-gflogs:
3.68531
3.67741
3.15826
2.98187
2.72248
2.17303
2.90781
2.23961
2.25511
2.20016
2.19247
2.16948
tensor4d-times:
0.585915
0.612324
0.62068
19.9326
2.04764
1.21193
0.555351
9.9014
1.2073
1.1443
0.882766
0.58917
tensor4d-gflogs:
3.59831
3.56946
3.73513
2.39263
2.40042
1.94672
3.06699
1.80198
1.78076
1.7422
1.92428
2.00222
wetensor-times:
0.583392
0.603759
0.605362
16.3361
1.80633
1.09314
0.524118
7.94957
0.950736
0.903858
0.782006
0.549216
wetensor-gflogs:
3.61387
3.6201
3.82964
2.91937
2.7211
2.15828
3.24975
2.24442
2.26131
2.20566
2.17223
2.14788
