输出时间和GFLOPS
tensor1d-times:
3.51829
3.61445
4.21359
86.442
8.62653
4.47378
3.17089
33.9214
4.10478
3.72381
3.11908
2.1875
tensor1d-gflogs:
0.599241
0.604703
0.550201
0.551714
0.569777
0.52736
0.537153
0.525986
0.523758
0.535367
0.544614
0.539268
tensor4d-times:
4.16786
4.34306
4.67076
100.509
9.94717
4.957
3.4455
39.7902
4.77848
4.60438
3.57156
2.50395
tensor4d-gflogs:
0.505848
0.503255
0.496348
0.4745
0.494131
0.475952
0.494342
0.448406
0.449914
0.432981
0.475617
0.471114
wetensor-times:
0.61186
0.605859
0.631798
16.3403
1.86126
1.11226
0.538266
8.181
0.979826
0.934321
0.793496
0.557944
wetensor-gflogs:
3.44573
3.60755
3.6694
2.91864
2.64078
2.12118
3.16434
2.18093
2.19417
2.13375
2.14077
2.11428
