输出时间和GFLOPS
tensor1d-times:
0.570299
0.597587
0.731533
16.3181
1.84825
1.10591
0.585606
7.92487
0.95055
0.904234
0.773948
0.540477
tensor1d-gflogs:
3.69684
3.65749
3.16912
2.92261
2.65937
2.13336
2.90853
2.25141
2.26175
2.20474
2.19484
2.18261
tensor4d-times:
0.584773
0.608672
0.622095
20.2461
2.09329
1.20889
0.556862
9.91566
1.20853
1.14481
0.884437
0.588162
tensor4d-gflogs:
3.60534
3.59088
3.72663
2.35558
2.34807
1.95162
3.05867
1.79939
1.77894
1.74142
1.92065
2.00565
wetensor-times:
0.583517
0.602055
0.613484
16.444
1.86918
1.12046
0.522635
7.93076
0.948792
0.903223
0.780862
0.545432
wetensor-gflogs:
3.6131
3.63034
3.77894
2.90023
2.6296
2.10565
3.25898
2.24974
2.26594
2.20721
2.17541
2.16278
