输出时间和GFLOPS
tensor1d-times:
0.567426
0.590973
0.591179
15.717
1.78905
1.07036
0.464558
7.89529
0.949123
0.900928
0.7716
0.537916
tensor1d-gflogs:
3.71556
3.69842
3.92152
3.03438
2.74738
2.2042
3.6664
2.25985
2.26515
2.21284
2.20152
2.193
tensor4d-times:
0.575421
0.602875
0.637255
16.1316
1.83109
1.09504
0.506475
8.25657
0.993215
0.930402
0.788168
0.551789
tensor4d-gflogs:
3.66393
3.62541
3.63798
2.95638
2.6843
2.15453
3.36296
2.16097
2.1646
2.14274
2.15524
2.13786
wetensor-times:
0.580021
0.627896
0.612625
15.8366
1.7915
1.08124
0.455906
7.92473
0.946202
0.900372
0.779697
0.543968
wetensor-gflogs:
3.63488
3.48094
3.78424
3.01147
2.74362
2.18203
3.73598
2.25145
2.27215
2.2142
2.17866
2.1686
