输出时间和GFLOPS
tensor1d-times:
0.621507
0.633169
0.637555
16.2052
1.93559
1.09536
0.469343
8.32336
1.03033
0.940017
0.835042
0.575186
tensor1d-gflogs:
3.39224
3.45195
3.63627
2.94296
2.53938
2.1539
3.62902
2.14363
2.08662
2.12082
2.03426
2.0509
tensor4d-times:
0.584753
0.635286
0.658398
16.8992
1.91354
1.14706
0.53987
8.61714
1.0043
0.97934
0.818908
0.603803
tensor4d-gflogs:
3.60546
3.44045
3.52115
2.8221
2.56864
2.05683
3.15494
2.07055
2.14069
2.03566
2.07434
1.9537
wetensor-times:
0.586112
0.627024
0.645922
16.824
1.8525
1.15372
0.459384
8.29103
0.962175
0.94367
0.828865
0.592944
wetensor-gflogs:
3.5971
3.48578
3.58916
2.83471
2.65328
2.04495
3.70769
2.15199
2.23443
2.11261
2.04942
1.98948
