输出时间和GFLOPS
tensor1d-times:
0.569785
0.59222
0.739995
16.0206
1.79341
1.07963
0.584183
7.97813
0.953362
0.904616
0.774435
0.540751
tensor1d-gflogs:
3.70017
3.69063
3.13289
2.97688
2.74071
2.18528
2.91562
2.23638
2.25508
2.20381
2.19346
2.1815
tensor4d-times:
0.586898
0.608141
0.620633
19.3241
2.04267
1.20509
0.557574
9.90584
1.20959
1.1461
0.883917
0.587444
tensor4d-gflogs:
3.59228
3.59401
3.73541
2.46797
2.40627
1.95778
3.05476
1.80118
1.77739
1.73948
1.92178
2.0081
wetensor-times:
0.584044
0.602249
0.610763
15.9468
1.80572
1.08342
0.512508
7.94721
0.949936
0.904415
0.781807
0.547203
wetensor-gflogs:
3.60984
3.62917
3.79578
2.99064
2.72202
2.17764
3.32337
2.24509
2.26321
2.2043
2.17278
2.15578
