输出时间和GFLOPS
tensor1d-times:
0.566173
0.587144
0.577793
15.6934
1.78668
1.06868
0.453117
7.88819
0.948649
0.899618
0.77059
0.536778
tensor1d-gflogs:
3.72378
3.72254
4.01237
3.03893
2.75103
2.20768
3.75897
2.26188
2.26628
2.21606
2.20441
2.19765
tensor4d-times:
0.573918
0.595847
0.599902
16.0853
1.81107
1.09253
0.505078
8.24419
0.991634
0.928566
0.786835
0.550218
tensor4d-gflogs:
3.67353
3.66817
3.8645
2.9649
2.71397
2.15948
3.37226
2.16421
2.16805
2.14697
2.15889
2.14396
wetensor-times:
0.577585
0.598777
0.594777
15.7987
1.78826
1.08064
0.45468
7.91091
0.945207
0.899247
0.778529
0.542938
wetensor-gflogs:
3.65021
3.65022
3.8978
3.01868
2.74859
2.18324
3.74605
2.25539
2.27454
2.21697
2.18193
2.17271
