输出时间和GFLOPS
tensor1d-times:
0.5686
0.589947
0.581444
15.8669
1.80264
1.07983
0.469712
7.94296
0.952185
0.903447
0.774261
0.539555
tensor1d-gflogs:
3.70789
3.70485
3.98718
3.0057
2.72667
2.18487
3.62617
2.24629
2.25787
2.20667
2.19395
2.18634
tensor4d-times:
0.578602
0.598511
0.604453
16.337
1.82896
1.10547
0.512127
8.27577
1.00223
0.934253
0.791212
0.555661
tensor4d-gflogs:
3.64379
3.65184
3.8354
2.91923
2.68743
2.1342
3.32585
2.15595
2.14512
2.1339
2.14695
2.12296
wetensor-times:
0.581498
0.599375
0.599487
16.0122
1.80474
1.09038
0.461265
7.94608
0.950796
0.905656
0.781906
0.545616
wetensor-gflogs:
3.62564
3.64658
3.86717
2.97843
2.72349
2.16373
3.69257
2.24541
2.26117
2.20128
2.1725
2.16205
