输出时间和GFLOPS
tensor1d-times:
0.57255
0.594863
0.742332
15.9492
1.80035
1.07968
0.585545
7.93226
0.95689
0.904657
0.777942
0.542501
tensor1d-gflogs:
3.68231
3.67424
3.12302
2.9902
2.73014
2.18519
2.90884
2.24932
2.24677
2.20371
2.18357
2.17446
tensor4d-times:
0.58617
0.612341
0.623215
19.3584
2.04546
1.21275
0.557959
9.92771
1.21507
1.14449
0.888709
0.590331
tensor4d-gflogs:
3.59674
3.56936
3.71994
2.4636
2.40298
1.94541
3.05265
1.79721
1.76937
1.74191
1.91142
1.99828
wetensor-times:
0.583256
0.603813
0.609246
15.9928
1.80728
1.09106
0.528047
7.97853
0.954227
0.907113
0.786025
0.54791
wetensor-gflogs:
3.61471
3.61977
3.80523
2.98205
2.71967
2.16238
3.22557
2.23627
2.25304
2.19775
2.16112
2.153
