输出时间和GFLOPS
tensor1d-times:
0.569667
0.5902
0.588312
15.8483
1.80379
1.07953
0.471578
7.95308
0.950975
0.903271
0.774425
0.542471
tensor1d-gflogs:
3.70094
3.70326
3.94063
3.00923
2.72493
2.18548
3.61182
2.24343
2.26074
2.2071
2.19349
2.17458
tensor4d-times:
0.576817
0.600686
0.606092
16.2948
1.8304
1.10422
0.510159
8.31262
0.996773
0.935367
0.791302
0.560611
tensor4d-gflogs:
3.65507
3.63862
3.82503
2.92677
2.68532
2.13662
3.33867
2.1464
2.15687
2.13136
2.14671
2.10422
wetensor-times:
0.58301
0.603545
0.601507
16.0223
1.80586
1.08986
0.459954
7.99082
0.95105
0.903639
0.78253
0.549072
wetensor-gflogs:
3.61624
3.62138
3.85419
2.97655
2.7218
2.16477
3.7031
2.23284
2.26056
2.2062
2.17077
2.14844
