输出时间和GFLOPS
tensor1d-times:
3.46643
3.62047
4.02116
82.6121
8.48728
4.24863
3.05476
32.2325
3.88276
3.59075
3.07905
2.1752
tensor1d-gflogs:
0.608206
0.603696
0.57653
0.577292
0.579126
0.555308
0.557574
0.553546
0.553707
0.555206
0.551694
0.542317
tensor4d-times:
3.95273
4.09259
4.49219
97.0446
9.77464
4.93718
3.39244
38.779
4.75418
4.42418
3.58714
2.43038
tensor4d-gflogs:
0.533379
0.534054
0.516078
0.491437
0.502852
0.477863
0.502073
0.460099
0.452214
0.450616
0.473551
0.485376
wetensor-times:
0.580215
0.598601
0.605635
15.8816
1.81862
1.09187
0.527445
8.12069
0.971729
0.914326
0.785205
0.545246
wetensor-gflogs:
3.63366
3.65129
3.82792
3.00293
2.70272
2.16078
3.22926
2.19713
2.21246
2.18041
2.16338
2.16352
