输出时间和GFLOPS
tensor1d-times:
3.39296
3.60552
3.9132
84.1577
8.66431
4.10797
2.86134
31.7853
3.80237
3.497
2.85283
2.02707
tensor1d-gflogs:
0.621376
0.606199
0.592435
0.56669
0.567293
0.574322
0.595264
0.561334
0.565412
0.570091
0.595441
0.581946
tensor4d-times:
4.05598
4.23213
4.48005
99.471
10.3422
5.11971
3.36831
40.3577
4.94678
4.53004
3.62047
2.57604
tensor4d-gflogs:
0.519802
0.516446
0.517476
0.479449
0.475258
0.460826
0.505671
0.442101
0.434607
0.440085
0.469191
0.45793
wetensor-times:
0.635908
0.606685
0.60243
16.3931
1.90814
1.15337
0.48042
8.2539
0.987809
0.901769
0.785951
0.547078
wetensor-gflogs:
3.31542
3.60264
3.84828
2.90923
2.57591
2.04556
3.54535
2.16167
2.17644
2.21077
2.16132
2.15627
