输出时间和GFLOPS
tensor1d-times:
0.56926
0.593166
0.587844
15.899
1.79276
1.07363
0.46212
7.95577
0.956419
0.908462
0.774033
0.54264
tensor1d-gflogs:
3.70359
3.68475
3.94377
2.99964
2.74169
2.19749
3.68574
2.24267
2.24787
2.19448
2.1946
2.17391
tensor4d-times:
0.577677
0.604483
0.606884
16.3249
1.82201
1.09939
0.509767
8.31085
1.00118
0.934822
0.79162
0.561096
tensor4d-gflogs:
3.64962
3.61576
3.82004
2.92139
2.69768
2.14601
3.34124
2.14685
2.14737
2.1326
2.14584
2.1024
wetensor-times:
0.585371
0.605245
0.60162
16.0397
1.79473
1.08466
0.458813
7.99489
0.956058
0.903611
0.783081
0.548237
wetensor-gflogs:
3.60165
3.61121
3.85346
2.97332
2.73868
2.17515
3.71231
2.2317
2.24872
2.20626
2.16924
2.15171
