输出时间和GFLOPS
tensor1d-times:
3.47833
3.60687
4.06334
82.8534
8.48836
4.23963
3.04147
32.1771
3.88887
3.58015
3.07173
2.14807
tensor1d-gflogs:
0.606124
0.605974
0.570545
0.57561
0.579052
0.556486
0.56001
0.554499
0.552837
0.556849
0.553008
0.549166
tensor4d-times:
3.9774
4.11256
4.53322
99.366
9.85236
4.96741
3.39722
38.9326
4.76906
4.41081
3.58181
2.42605
tensor4d-gflogs:
0.530071
0.531461
0.511407
0.479956
0.498885
0.474955
0.501368
0.458284
0.450803
0.451982
0.474256
0.486242
wetensor-times:
0.589464
0.600618
0.60381
15.9482
1.82336
1.08717
0.525469
8.09453
0.97047
0.911353
0.784511
0.544767
wetensor-gflogs:
3.57665
3.63903
3.83948
2.99039
2.69568
2.17012
3.2414
2.20423
2.21533
2.18752
2.16529
2.16542
