输出时间和GFLOPS
tensor1d-times:
3.34082
3.48611
3.87353
80.084
7.87781
3.97886
2.88706
30.8578
3.73275
3.41257
2.85756
1.99106
tensor1d-gflogs:
0.631073
0.626964
0.598502
0.595516
0.62393
0.592957
0.589962
0.578206
0.575959
0.584195
0.594456
0.592471
tensor4d-times:
3.96319
4.10801
4.53143
96.8992
9.77629
4.91671
3.39357
38.7467
4.74321
4.40309
3.55821
2.43235
tensor4d-gflogs:
0.531972
0.53205
0.511609
0.492174
0.502768
0.479853
0.501907
0.460483
0.45326
0.452774
0.477402
0.484984
wetensor-times:
0.583019
0.601848
0.605933
15.8012
1.80858
1.09272
0.528692
8.13001
0.970694
0.91561
0.787244
0.546729
wetensor-gflogs:
3.61618
3.63159
3.82603
3.01821
2.71771
2.1591
3.22164
2.19461
2.21482
2.17735
2.15777
2.15765
