输出时间和GFLOPS
tensor1d-times:
3.77132
3.92034
4.32413
88.6368
8.83443
4.37532
3.15755
33.0594
4.08503
3.67996
3.25521
2.2149
tensor1d-gflogs:
0.559036
0.55752
0.536135
0.538053
0.556369
0.539228
0.539423
0.539701
0.52629
0.541747
0.521839
0.532597
tensor4d-times:
3.94852
4.09097
4.49547
96.3549
9.76309
4.94877
3.3653
38.656
4.71464
4.40911
3.57621
2.44141
tensor4d-gflogs:
0.533948
0.534266
0.515701
0.494954
0.503447
0.476744
0.506123
0.461563
0.456007
0.452156
0.474999
0.483184
wetensor-times:
0.604563
0.6337
0.624625
15.7977
1.82252
1.09465
0.555707
8.13764
0.970552
0.914922
0.788924
0.549319
wetensor-gflogs:
3.48732
3.44906
3.71154
3.01887
2.69692
2.15529
3.06502
2.19255
2.21514
2.17899
2.15318
2.14747
