输出时间和GFLOPS
tensor1d-times:
0.619723
0.601354
0.64825
16.3731
1.81675
1.12595
0.546569
8.25656
1.0187
0.944626
0.794957
0.554179
tensor1d-gflogs:
3.40201
3.63458
3.57627
2.91278
2.70549
2.09538
3.11627
2.16097
2.11044
2.11047
2.13684
2.12864
tensor4d-times:
0.612588
0.612413
0.613059
16.923
1.86218
1.157
0.525376
8.31895
1.02625
0.942922
0.825335
0.590668
tensor4d-gflogs:
3.44163
3.56894
3.78156
2.81814
2.63948
2.03915
3.24197
2.14476
2.09491
2.11428
2.05819
1.99714
wetensor-times:
0.610476
0.616798
0.621399
16.8097
1.85132
1.107
0.47106
8.13272
0.96807
0.912371
0.815732
0.572168
wetensor-gflogs:
3.45354
3.54357
3.73081
2.83713
2.65497
2.13126
3.61579
2.19387
2.22082
2.18508
2.08242
2.06172
