输出时间和GFLOPS
tensor1d-times:
3.47922
3.62848
4.03843
82.5841
8.45551
4.28688
3.05107
32.5277
3.87674
3.58716
3.08629
2.11947
tensor1d-gflogs:
0.60597
0.602364
0.574065
0.577488
0.581301
0.550352
0.558248
0.548522
0.554567
0.555761
0.5504
0.556577
tensor4d-times:
3.97612
4.11073
4.50272
97.0073
9.78734
4.95111
3.39331
38.7634
4.72915
4.42067
3.58922
2.43711
tensor4d-gflogs:
0.530241
0.531698
0.514871
0.491626
0.5022
0.476519
0.501944
0.460284
0.454608
0.450974
0.473277
0.484036
wetensor-times:
0.580881
0.604058
0.603454
15.7887
1.81123
1.09193
0.526225
8.09448
0.969169
0.910891
0.787666
0.547252
wetensor-gflogs:
3.62949
3.61831
3.84175
3.02059
2.71373
2.16067
3.23674
2.20424
2.2183
2.18863
2.15662
2.15558
