输出时间和GFLOPS
tensor1d-times:
3.62125
3.75759
4.20283
83.3296
8.51064
4.31931
3.04092
32.5977
3.95264
3.66844
3.09445
2.11868
tensor1d-gflogs:
0.582203
0.581668
0.55161
0.572321
0.577536
0.54622
0.560111
0.547345
0.543917
0.543447
0.548949
0.556784
tensor4d-times:
4.12762
4.24636
4.73357
97.5197
10.0823
4.95895
3.39918
38.9486
4.74969
4.42297
3.58635
2.46561
tensor4d-gflogs:
0.510779
0.514715
0.489761
0.489042
0.487507
0.475765
0.501078
0.458096
0.452642
0.450739
0.473655
0.478441
wetensor-times:
0.581236
0.623769
0.621482
15.9685
1.85763
1.08938
0.541064
8.12739
0.9638
0.932018
0.785633
0.544144
wetensor-gflogs:
3.62728
3.50397
3.73031
2.98659
2.64595
2.16572
3.14797
2.19531
2.23066
2.13902
2.1622
2.1679
