输出时间和GFLOPS
tensor1d-times:
0.994858
1.01929
0.983733
25.6191
2.78229
1.51391
0.620619
11.1964
1.34736
1.27483
1.09227
0.760911
tensor1d-gflogs:
2.1192
2.1443
2.35666
1.86155
1.7666
1.55841
2.74445
1.59356
1.59565
1.56382
1.5552
1.55031
tensor4d-times:
1.00368
1.04112
1.02464
25.8612
2.79687
1.5263
0.749752
11.4092
1.36995
1.28859
1.09998
0.767188
tensor4d-gflogs:
2.10057
2.09935
2.26257
1.84413
1.75739
1.54577
2.27176
1.56383
1.56933
1.54712
1.5443
1.53763
wetensor-times:
0.974604
1.01151
0.920083
25.5562
2.77041
1.52182
0.550115
11.0392
1.32274
1.26255
1.09498
0.760745
wetensor-gflogs:
2.16324
2.1608
2.51969
1.86613
1.77418
1.55031
3.09618
1.61625
1.62535
1.57903
1.55134
1.55065
