输出时间和GFLOPS
tensor1d-times:
3.4663
3.59709
4.04236
85.1644
8.55483
4.25432
3.03601
33.0621
3.91028
3.5707
3.06613
2.1158
tensor1d-gflogs:
0.608229
0.607621
0.573506
0.559991
0.574552
0.554565
0.561018
0.539656
0.549809
0.558323
0.554019
0.557543
tensor4d-times:
3.95285
4.09863
4.79943
97.3069
9.99623
4.90247
3.38019
38.6122
4.71587
4.40093
3.56365
2.53443
tensor4d-gflogs:
0.533363
0.533267
0.48304
0.490112
0.491706
0.481247
0.503893
0.462087
0.455888
0.452996
0.476672
0.465449
wetensor-times:
0.582274
0.600069
0.645234
16.2038
1.87187
1.08919
0.529687
8.07678
0.964114
0.910013
0.784264
0.573082
wetensor-gflogs:
3.62081
3.64236
3.59299
2.94322
2.62582
2.16611
3.21559
2.20907
2.22993
2.19074
2.16597
2.05843
