输出时间和GFLOPS
tensor1d-times:
0.580844
0.596546
0.724739
16.3499
1.91797
1.11146
0.585786
8.09095
0.981745
0.927901
0.793373
0.55392
tensor1d-gflogs:
3.62973
3.66387
3.19883
2.91692
2.56271
2.12271
2.90764
2.2052
2.18988
2.14851
2.1411
2.12964
tensor4d-times:
0.586665
0.607809
0.633263
20.1461
2.03744
1.23462
0.574954
10.1996
1.26307
1.21948
0.917606
0.624328
tensor4d-gflogs:
3.59371
3.59598
3.66091
2.36727
2.41244
1.91095
2.96242
1.74931
1.70213
1.6348
1.85122
1.88947
wetensor-times:
0.584499
0.612245
0.613487
16.3431
1.82388
1.11528
0.537558
8.44316
0.977518
0.949635
0.820575
0.579659
wetensor-gflogs:
3.60703
3.56992
3.77892
2.91813
2.69492
2.11543
3.1685
2.11321
2.19935
2.09934
2.07013
2.03507
