输出时间和GFLOPS
tensor1d-times:
0.569529
0.587112
0.590012
15.7031
1.78668
1.06922
0.520406
7.90055
0.949311
0.900924
0.771149
0.536504
tensor1d-gflogs:
3.70184
3.72274
3.92927
3.03705
2.75103
2.20655
3.27294
2.25835
2.2647
2.21284
2.20281
2.19877
tensor4d-times:
0.591589
0.59487
0.600064
16.0941
1.81255
1.09202
0.503594
8.23567
0.991506
0.929006
0.786587
0.550467
tensor4d-gflogs:
3.5638
3.67419
3.86345
2.96328
2.71176
2.16048
3.3822
2.16645
2.16833
2.14596
2.15957
2.14299
wetensor-times:
0.594416
0.600386
0.597038
15.7996
1.78855
1.08023
0.45793
7.91068
0.94591
0.900644
0.779176
0.543609
wetensor-gflogs:
3.54685
3.64044
3.88303
3.01851
2.74815
2.18407
3.71947
2.25545
2.27285
2.21353
2.18011
2.17003
