输出时间和GFLOPS
tensor1d-times:
0.568605
0.590276
0.582338
16.0346
1.93909
1.1027
0.495269
8.01567
1.00503
0.944739
0.823293
0.580472
tensor1d-gflogs:
3.70785
3.70279
3.98105
2.97428
2.53479
2.13956
3.43905
2.22591
2.13914
2.11022
2.06329
2.03222
tensor4d-times:
0.579768
0.59934
0.603972
17.067
1.98468
1.17745
0.534313
8.41053
0.9954
0.994601
0.815924
0.590503
tensor4d-gflogs:
3.63646
3.64679
3.83846
2.79436
2.47657
2.00374
3.18775
2.12141
2.15984
2.00443
2.08193
1.9977
wetensor-times:
0.581031
0.599602
0.59937
16.6546
1.89513
1.13312
0.513754
8.21136
0.97009
0.966549
0.802503
0.591263
wetensor-gflogs:
3.62856
3.6452
3.86793
2.86355
2.5936
2.08212
3.31531
2.17287
2.21619
2.0626
2.11674
1.99513
