输出时间和GFLOPS
tensor1d-times:
3.45255
3.59824
3.83732
79.8728
7.84337
3.86727
2.82794
30.7185
3.6483
3.46139
2.82196
1.95491
tensor1d-gflogs:
0.610651
0.607427
0.60415
0.597091
0.62667
0.610067
0.602296
0.580829
0.589291
0.575955
0.601954
0.60343
tensor4d-times:
4.08929
4.22208
4.50682
96.9162
9.79671
4.92355
3.37378
38.7517
4.74051
4.39427
3.56716
2.42306
tensor4d-gflogs:
0.515568
0.517676
0.514402
0.492088
0.50172
0.479186
0.50485
0.460423
0.453518
0.453683
0.476203
0.486842
wetensor-times:
0.583902
0.603312
0.602651
15.9947
1.80326
1.0844
0.542461
7.98537
0.952997
0.903026
0.781446
0.545613
wetensor-gflogs:
3.61072
3.62278
3.84687
2.9817
2.72573
2.17567
3.13987
2.23436
2.25594
2.20769
2.17378
2.16206
