输出时间和GFLOPS
tensor1d-times:
0.575336
0.595231
0.737728
16.1173
1.79679
1.07551
0.596842
7.97483
0.97428
0.928291
0.7742
0.551126
tensor1d-gflogs:
3.66447
3.67196
3.14251
2.95901
2.73555
2.19365
2.85378
2.23731
2.20666
2.14761
2.19413
2.14043
tensor4d-times:
0.58498
0.60817
0.631145
19.4753
2.03647
1.20706
0.587373
9.99552
1.24883
1.14468
0.885303
0.58727
tensor4d-gflogs:
3.60406
3.59384
3.6732
2.4488
2.41359
1.95458
2.89978
1.78502
1.72153
1.74163
1.91877
2.0087
wetensor-times:
0.605542
0.604406
0.723728
16.121
1.79943
1.08469
0.581701
8.02071
0.952609
0.905594
0.816804
0.545724
wetensor-gflogs:
3.48168
3.61622
3.2033
2.95834
2.73154
2.17508
2.92806
2.22451
2.25686
2.20143
2.07968
2.16162
