输出时间和GFLOPS
tensor1d-times:
0.593933
0.594358
0.748298
16.3576
1.8592
1.12742
0.590228
7.99034
0.953678
0.908404
0.77814
0.542139
tensor1d-gflogs:
3.54973
3.67736
3.09812
2.91555
2.64371
2.09266
2.88576
2.23297
2.25433
2.19462
2.18302
2.17591
tensor4d-times:
0.608975
0.637449
0.62224
19.5797
2.1211
1.20486
0.556027
9.91166
1.20809
1.15038
0.88718
0.58918
tensor4d-gflogs:
3.46205
3.42877
3.72576
2.43575
2.31729
1.95814
3.06326
1.80012
1.7796
1.73299
1.91471
2.00219
wetensor-times:
0.613813
0.611922
0.606456
15.9345
1.8439
1.08534
0.53076
7.94363
0.951097
0.907982
0.784935
0.548531
wetensor-gflogs:
3.43477
3.57181
3.82273
2.99296
2.66565
2.17378
3.20909
2.2461
2.26045
2.19564
2.16412
2.15056
