输出时间和GFLOPS
tensor1d-times:
0.577324
0.603182
0.584262
15.7127
1.78796
1.06942
0.4629
7.89112
0.948194
0.900028
0.771065
0.537417
tensor1d-gflogs:
3.65186
3.62356
3.96794
3.03521
2.74905
2.20614
3.67953
2.26105
2.26737
2.21505
2.20305
2.19503
tensor4d-times:
0.579532
0.61682
0.609059
16.1102
1.81318
1.09391
0.506328
8.24562
0.991958
0.929459
0.787921
0.551064
tensor4d-gflogs:
3.63794
3.54344
3.8064
2.96032
2.71082
2.15675
3.36394
2.16384
2.16734
2.14491
2.15592
2.14067
wetensor-times:
0.593861
0.634103
0.595437
15.8264
1.78956
1.08038
0.455427
7.91832
0.945567
0.899768
0.77916
0.543593
wetensor-gflogs:
3.55016
3.44686
3.89348
3.01341
2.7466
2.18377
3.73991
2.25328
2.27367
2.21569
2.18016
2.17009
