输出时间和GFLOPS
tensor1d-times:
3.46834
3.61647
4.04625
82.533
8.4413
4.26797
3.05327
32.8144
3.99142
3.58433
3.08216
2.13806
tensor1d-gflogs:
0.607872
0.604364
0.572956
0.577845
0.58228
0.552792
0.557847
0.543731
0.538633
0.556201
0.551138
0.551738
tensor4d-times:
3.95424
4.10999
4.49094
96.9625
9.79128
4.921
3.39404
38.7778
4.74549
4.40324
3.59173
2.42644
tensor4d-gflogs:
0.533176
0.531793
0.516221
0.491853
0.501998
0.479434
0.501837
0.460113
0.453042
0.452759
0.472946
0.486163
wetensor-times:
0.578987
0.601442
0.60358
15.862
1.82093
1.09207
0.525668
8.12505
0.969746
0.915322
0.788612
0.545684
wetensor-gflogs:
3.64137
3.63404
3.84095
3.00665
2.69927
2.16038
3.24017
2.19595
2.21698
2.17804
2.15403
2.16178
