输出时间和GFLOPS
tensor1d-times:
3.67828
3.74929
4.18258
83.4273
8.57173
4.33707
3.04781
33.6163
4.01856
3.67476
3.09797
2.1762
tensor1d-gflogs:
0.573177
0.582955
0.55428
0.571651
0.57342
0.543984
0.558846
0.530759
0.534995
0.542513
0.548324
0.542067
tensor4d-times:
4.14144
4.29216
4.62219
99.8363
9.74534
4.93331
3.44001
39.2138
4.92554
4.44528
3.74551
2.51538
tensor4d-gflogs:
0.509075
0.509223
0.501563
0.477695
0.504364
0.478238
0.495131
0.454997
0.436481
0.448477
0.453528
0.468974
wetensor-times:
0.596828
0.621695
0.643432
16.0116
1.80882
1.08836
0.608325
8.35595
1.01157
0.919044
0.804076
0.570541
wetensor-gflogs:
3.53252
3.51566
3.60305
2.97855
2.71735
2.16775
2.79991
2.13527
2.12532
2.16922
2.1126
2.0676
