输出时间和GFLOPS
tensor1d-times:
0.571827
0.591861
0.73779
16.0062
1.86595
1.07512
0.584599
7.9515
0.957868
0.908273
0.778761
0.543657
tensor1d-gflogs:
3.68696
3.69287
3.14225
2.97955
2.63416
2.19445
2.91354
2.24388
2.24447
2.19494
2.18128
2.16984
tensor4d-times:
0.583384
0.606464
0.621984
19.3293
2.03753
1.20616
0.558053
9.95208
1.2103
1.15154
0.887435
0.590239
tensor4d-gflogs:
3.61392
3.60395
3.7273
2.4673
2.41234
1.95605
3.05214
1.79281
1.77634
1.73125
1.91416
1.99859
wetensor-times:
0.582107
0.600871
0.606066
16.0638
1.79861
1.08406
0.526328
7.98988
0.953831
0.907619
0.784834
0.548118
wetensor-gflogs:
3.62185
3.6375
3.82519
2.96886
2.73278
2.17634
3.23611
2.2331
2.25397
2.19652
2.1644
2.15218
