输出时间和GFLOPS
tensor1d-times:
3.47662
3.62063
4.05642
86.9827
8.81011
4.56376
3.20967
33.4366
3.87004
3.63542
3.06317
2.12709
tensor1d-gflogs:
0.606424
0.603671
0.571519
0.548285
0.557904
0.516963
0.530664
0.533612
0.555527
0.548383
0.554555
0.554582
tensor4d-times:
3.96028
4.11935
4.51666
101.258
10.3363
5.24944
3.43911
38.6969
4.72457
4.40939
3.57204
2.41263
tensor4d-gflogs:
0.532363
0.530586
0.513282
0.470986
0.475526
0.449437
0.495261
0.461075
0.455049
0.452128
0.475553
0.488946
wetensor-times:
0.581117
0.603866
0.60706
17.0671
1.94661
1.14757
0.535823
8.09745
0.971831
0.909145
0.787157
0.551749
wetensor-gflogs:
3.62802
3.61946
3.81893
2.79435
2.525
2.0559
3.17876
2.20343
2.21222
2.19284
2.15801
2.13802
