输出时间和GFLOPS
tensor1d-times:
1.04147
1.07273
1.01193
26.8889
2.93654
1.58944
0.674155
11.7731
1.44645
1.33096
1.14071
0.830623
tensor1d-gflogs:
2.02435
2.03748
2.29098
1.77364
1.67381
1.48435
2.5265
1.5155
1.48634
1.49787
1.48915
1.4202
tensor4d-times:
1.05412
1.07791
1.08625
26.8415
2.96053
1.63444
0.758006
11.876
1.43082
1.3672
1.17823
0.798569
tensor4d-gflogs:
2.00006
2.02769
2.13425
1.77678
1.66025
1.44349
2.24702
1.50237
1.50257
1.45817
1.44174
1.4772
wetensor-times:
1.00025
1.06864
0.977384
26.7184
2.90421
1.59649
0.604345
11.4968
1.37134
1.35822
1.16783
0.840242
wetensor-gflogs:
2.10778
2.04527
2.37196
1.78496
1.69244
1.4778
2.81835
1.55192
1.56774
1.46781
1.45457
1.40394
