输出时间和GFLOPS
tensor1d-times:
1.01307
1.01836
0.981637
26.8279
2.80179
1.52678
0.621186
11.2801
1.3501
1.27566
1.09294
0.761773
tensor1d-gflogs:
2.08111
2.14626
2.36169
1.77767
1.75431
1.54528
2.74194
1.58173
1.5924
1.5628
1.55425
1.54856
tensor4d-times:
1.0012
1.039
1.02279
26.0342
2.81715
1.53808
0.750784
11.534
1.37219
1.29105
1.1017
0.768953
tensor4d-gflogs:
2.10579
2.10362
2.26666
1.83187
1.74474
1.53392
2.26864
1.54693
1.56677
1.54418
1.54189
1.5341
wetensor-times:
0.987107
1.01161
0.91792
25.76
2.79137
1.53202
0.555181
11.0776
1.33016
1.26868
1.09857
0.763051
wetensor-gflogs:
2.13584
2.16058
2.52562
1.85137
1.76085
1.53999
3.06793
1.61065
1.61628
1.5714
1.54628
1.54596
