输出时间和GFLOPS
tensor1d-times:
0.988768
1.02349
0.989864
26.5282
2.85416
1.59496
0.679658
11.4671
1.40877
1.34638
1.11235
0.803982
tensor1d-gflogs:
2.13225
2.13551
2.34206
1.79776
1.72212
1.47922
2.50605
1.55594
1.52609
1.48071
1.52712
1.46726
tensor4d-times:
1.00809
1.04455
1.0288
27.1606
2.91809
1.60072
0.800969
11.7786
1.41417
1.31159
1.13874
0.785338
tensor4d-gflogs:
2.09138
2.09245
2.25342
1.7559
1.68439
1.47389
2.12649
1.51479
1.52026
1.52
1.49173
1.50209
wetensor-times:
0.986092
1.01804
0.928397
26.8727
2.928
1.57067
0.578726
11.3449
1.37757
1.30145
1.14917
0.781204
wetensor-gflogs:
2.13804
2.14693
2.49712
1.77471
1.67869
1.5021
2.94311
1.5727
1.56065
1.53183
1.4782
1.51004
