输出时间和GFLOPS
tensor1d-times:
0.569289
0.59478
0.739982
16.0179
1.80415
1.07877
0.587237
7.96991
0.958453
0.908662
0.778685
0.540092
tensor1d-gflogs:
3.7034
3.67475
3.13294
2.97737
2.72439
2.18702
2.90046
2.23869
2.2431
2.194
2.18149
2.18416
tensor4d-times:
0.586154
0.607114
0.623868
19.3688
2.0456
1.21088
0.56042
9.93607
1.2121
1.15074
0.887746
0.585983
tensor4d-gflogs:
3.59684
3.60009
3.71604
2.46227
2.40281
1.94841
3.03925
1.7957
1.7737
1.73245
1.91349
2.01311
wetensor-times:
0.582951
0.602304
0.608934
16.007
1.8058
1.08935
0.527867
7.95155
0.954995
0.908302
0.782248
0.546268
wetensor-gflogs:
3.61661
3.62884
3.80718
2.9794
2.7219
2.16578
3.22667
2.24386
2.25122
2.19487
2.17155
2.15947
