输出时间和GFLOPS
tensor1d-times:
0.57002
0.593781
0.601599
15.9385
1.80694
1.07278
0.544895
7.92535
0.952119
0.903842
0.774411
0.540217
tensor1d-gflogs:
3.69865
3.68093
3.8536
2.99221
2.72018
2.19923
3.12584
2.25128
2.25802
2.2057
2.19353
2.18366
tensor4d-times:
0.576183
0.600417
0.607698
16.3194
1.81857
1.09797
0.512006
8.25376
0.995541
0.931956
0.790443
0.554769
tensor4d-gflogs:
3.65909
3.64025
3.81492
2.92236
2.70279
2.14878
3.32663
2.1617
2.15954
2.13916
2.14904
2.12638
wetensor-times:
0.583668
0.602871
0.601568
15.9901
1.79539
1.08421
0.457857
7.94032
0.947962
0.902244
0.781303
0.545335
wetensor-gflogs:
3.61216
3.62543
3.85379
2.98255
2.73768
2.17606
3.72006
2.24704
2.26793
2.20961
2.17418
2.16316
