输出时间和GFLOPS
tensor1d-times:
0.58066
0.61215
0.750144
16.0115
1.84408
1.0716
0.580215
7.96493
0.999155
0.948378
0.771704
0.557189
tensor1d-gflogs:
3.63088
3.57048
3.0905
2.97856
2.66539
2.20167
2.93556
2.24009
2.15173
2.10212
2.20122
2.11714
tensor4d-times:
0.616545
0.643028
0.651141
19.3041
2.03087
1.20498
0.559453
10.0431
1.22602
1.1427
0.928915
0.603173
tensor4d-gflogs:
3.41955
3.39902
3.5604
2.47053
2.42025
1.95796
3.0445
1.77655
1.75356
1.74464
1.82869
1.95574
wetensor-times:
0.603056
0.645083
0.61787
16.3965
1.82263
1.08279
0.523406
8.01429
0.988431
0.904818
0.782538
0.562533
wetensor-gflogs:
3.49603
3.38819
3.75212
2.90863
2.69677
2.17891
3.25418
2.2263
2.17507
2.20332
2.17075
2.09703
