输出时间和GFLOPS
tensor1d-times:
0.57336
0.59313
0.744407
16.0774
1.79955
1.08017
0.588407
7.97212
0.952666
0.902228
0.773453
0.539933
tensor1d-gflogs:
3.6771
3.68497
3.11432
2.96635
2.73135
2.18418
2.89469
2.23807
2.25673
2.20965
2.19625
2.1848
tensor4d-times:
0.588309
0.611719
0.625167
19.3788
2.04513
1.21217
0.560547
9.92815
1.21475
1.14329
0.882283
0.586498
tensor4d-gflogs:
3.58367
3.57299
3.70832
2.461
2.40337
1.94633
3.03856
1.79713
1.76984
1.74375
1.92534
2.01134
wetensor-times:
0.583647
0.605267
0.608747
16.0718
1.81402
1.09858
0.533651
7.95922
0.948755
0.903238
0.785136
0.545304
wetensor-gflogs:
3.61229
3.61108
3.80835
2.96738
2.70957
2.1476
3.1917
2.2417
2.26603
2.20718
2.16357
2.16329
