输出时间和GFLOPS
tensor1d-times:
0.992033
1.02918
0.994633
25.852
2.80222
1.52701
0.62614
11.246
1.42263
1.30689
1.14711
0.761016
tensor1d-gflogs:
2.12524
2.12371
2.33083
1.84478
1.75404
1.54504
2.72025
1.58654
1.51123
1.52546
1.48084
1.5501
tensor4d-times:
1.01129
1.05213
1.02978
26.0117
2.81252
1.53352
0.756444
11.4877
1.37803
1.38906
1.18898
0.77371
tensor4d-gflogs:
2.08478
2.07737
2.25127
1.83345
1.74761
1.53849
2.25166
1.55315
1.56013
1.43522
1.42869
1.52466
wetensor-times:
0.982632
1.01994
0.926412
25.793
2.79448
1.52932
0.561115
11.3272
1.40778
1.31142
1.17959
0.792397
wetensor-gflogs:
2.14557
2.14293
2.50247
1.849
1.7589
1.54271
3.03548
1.57516
1.52716
1.52019
1.44006
1.48871
