输出时间和GFLOPS
tensor1d-times:
0.570231
0.5938
0.582699
15.8533
1.80572
1.0776
0.470056
7.95123
0.957855
0.909834
0.778175
0.54314
tensor1d-gflogs:
3.69728
3.68081
3.97859
3.00829
2.72202
2.18939
3.62352
2.24395
2.2445
2.19117
2.18292
2.1719
tensor4d-times:
0.577134
0.600665
0.607194
16.3144
1.83069
1.10406
0.511397
8.30845
1.00157
0.939117
0.796759
0.555389
tensor4d-gflogs:
3.65306
3.63874
3.81809
2.92326
2.68489
2.13694
3.33059
2.14747
2.14654
2.12285
2.132
2.124
wetensor-times:
0.584464
0.603226
0.604815
15.9955
1.80602
1.09196
0.464741
8.013
0.957715
0.910079
0.787818
0.546546
wetensor-gflogs:
3.60724
3.6233
3.8331
2.98154
2.72157
2.16061
3.66496
2.22665
2.24483
2.19058
2.1562
2.15837
