输出时间和GFLOPS
tensor1d-times:
1.00556
1.12111
1.08518
26.4223
2.85207
1.59712
0.636468
11.8029
1.37055
1.37393
1.11978
0.812687
tensor1d-gflogs:
2.09665
1.94956
2.13636
1.80496
1.72338
1.47722
2.6761
1.51168
1.56865
1.45102
1.51699
1.45154
tensor4d-times:
1.0662
1.10078
1.04608
26.7107
2.9145
1.58424
0.809765
12.145
1.42903
1.35356
1.18958
0.807656
tensor4d-gflogs:
1.97741
1.98557
2.21619
1.78548
1.68647
1.48922
2.10339
1.46909
1.50445
1.47286
1.42798
1.46058
wetensor-times:
1.04223
1.07075
0.935287
26.2421
2.95107
1.57305
0.587093
11.494
1.39325
1.32356
1.1364
0.781945
wetensor-gflogs:
2.02287
2.04125
2.47873
1.81736
1.66557
1.49982
2.90117
1.55231
1.54308
1.50624
1.4948
1.50861
