输出时间和GFLOPS
tensor1d-times:
0.569313
0.591564
0.599308
15.895
1.79826
1.07983
0.557322
7.97003
0.957613
0.90864
0.777789
0.542655
tensor1d-gflogs:
3.70324
3.69473
3.86833
3.00039
2.73331
2.18488
3.05614
2.23866
2.24507
2.19405
2.184
2.17385
tensor4d-times:
0.575338
0.59819
0.607219
16.3216
1.82883
1.09869
0.514871
8.30439
1.00078
0.935689
0.79158
0.558585
tensor4d-gflogs:
3.66446
3.6538
3.81793
2.92197
2.68763
2.14736
3.30812
2.14852
2.14824
2.13063
2.14595
2.11185
wetensor-times:
0.583721
0.603715
0.601251
16.0144
1.80596
1.08323
0.46051
8.001
0.951476
0.906658
0.784695
0.549307
wetensor-gflogs:
3.61184
3.62036
3.85583
2.97803
2.72166
2.17803
3.69863
2.22999
2.25955
2.19885
2.16478
2.14752
