输出时间和GFLOPS
tensor1d-times:
0.600853
0.611779
0.733852
16.4265
1.90021
1.10337
0.591658
8.17161
0.976019
0.939801
0.807658
0.540752
tensor1d-gflogs:
3.50885
3.57264
3.15911
2.90332
2.58666
2.13825
2.87878
2.18343
2.20273
2.12131
2.10323
2.1815
tensor4d-times:
0.589251
0.626429
0.65146
19.832
2.08899
1.23055
0.571129
10.2214
1.22442
1.18834
0.91093
0.622828
tensor4d-gflogs:
3.57794
3.48909
3.55865
2.40476
2.35291
1.91727
2.98226
1.74557
1.75586
1.67764
1.86479
1.89402
wetensor-times:
0.621428
0.604959
0.644562
16.6173
1.88271
1.10221
0.568901
8.27897
0.956075
0.942392
0.795249
0.558067
wetensor-gflogs:
3.39268
3.61292
3.59674
2.86998
2.6107
2.14051
2.99394
2.15512
2.24868
2.11547
2.13605
2.11381
