输出时间和GFLOPS
tensor1d-times:
3.79621
3.96256
4.41691
90.5012
8.94876
4.56643
3.24822
34.1742
4.23441
3.82925
3.26565
2.2643
tensor1d-gflogs:
0.555371
0.55158
0.524874
0.526968
0.549261
0.51666
0.524366
0.522095
0.507723
0.520625
0.520171
0.520977
tensor4d-times:
3.96062
4.11794
4.49844
96.4461
9.71338
4.93076
3.32937
38.5702
4.72671
4.41331
3.57659
2.42983
tensor4d-gflogs:
0.532317
0.530767
0.51536
0.494486
0.506024
0.478485
0.511585
0.462589
0.454843
0.451726
0.474947
0.485486
wetensor-times:
0.581157
0.602205
0.607286
15.7769
1.80884
1.08912
0.547561
8.09296
0.964641
0.910622
0.785784
0.544979
wetensor-gflogs:
3.62777
3.62944
3.81751
3.02286
2.71732
2.16624
3.11062
2.20466
2.22871
2.18928
2.16178
2.16458
