输出时间和GFLOPS
tensor1d-times:
0.570162
0.595091
0.596119
15.9257
1.80279
1.07745
0.523662
7.98055
0.960596
0.910132
0.778128
0.542717
tensor1d-gflogs:
3.69773
3.67283
3.88902
2.9946
2.72644
2.18971
3.25258
2.23571
2.2381
2.19046
2.18305
2.1736
tensor4d-times:
0.576594
0.601281
0.607152
16.3319
1.82861
1.1046
0.513749
8.29716
1.00192
0.938791
0.79628
0.559774
tensor4d-gflogs:
3.65648
3.63502
3.81835
2.92013
2.68794
2.13588
3.31534
2.1504
2.1458
2.12359
2.13329
2.10736
wetensor-times:
0.583715
0.606304
0.600869
15.9686
1.80466
1.09104
0.460401
7.94823
0.955144
0.909114
0.78701
0.548339
wetensor-gflogs:
3.61187
3.6049
3.85828
2.98656
2.72362
2.16243
3.6995
2.2448
2.25087
2.19291
2.15841
2.15131
