输出时间和GFLOPS
tensor1d-times:
3.47049
3.59988
4.04809
82.5988
8.45777
4.37184
3.04243
32.2231
3.89469
3.58534
3.06672
2.12601
tensor1d-gflogs:
0.607494
0.60715
0.572694
0.577385
0.581146
0.539657
0.559835
0.553707
0.552011
0.556043
0.553911
0.554865
tensor4d-times:
3.95152
4.09815
4.50938
97.0846
9.82135
4.9396
3.39568
38.7105
4.74285
4.41892
3.58901
2.43427
tensor4d-gflogs:
0.533542
0.53333
0.51411
0.491234
0.500461
0.477629
0.501595
0.460913
0.453295
0.451152
0.473304
0.4846
wetensor-times:
0.580707
0.600467
0.606425
15.8525
1.8179
1.09234
0.527185
8.11712
0.970321
0.909294
0.787544
0.547438
wetensor-gflogs:
3.63058
3.63994
3.82293
3.00843
2.70378
2.15985
3.23085
2.19809
2.21567
2.19248
2.15695
2.15485
