输出时间和GFLOPS
tensor1d-times:
0.593494
0.619275
0.682872
16.4655
1.88597
1.12621
0.566936
8.6522
1.01875
0.962461
0.833701
0.563794
tensor1d-gflogs:
3.55236
3.5294
3.39495
2.89644
2.60619
2.0949
3.00432
2.06216
2.11035
2.07136
2.03753
2.09234
tensor4d-times:
0.7046
0.818112
0.766289
20.742
2.37913
1.47
0.878253
11.3023
1.3123
1.29199
1.06431
0.736277
tensor4d-gflogs:
2.9922
2.6716
3.02539
2.29926
2.06597
1.60497
1.93937
1.57864
1.63827
1.54305
1.59605
1.60218
wetensor-times:
0.579895
0.612636
0.607425
16.1335
1.86624
1.09312
0.524221
8.49618
0.978119
0.968696
0.788326
0.57811
wetensor-gflogs:
3.63567
3.56764
3.81663
2.95603
2.63374
2.15831
3.24912
2.10002
2.198
2.05803
2.15481
2.04053
