输出时间和GFLOPS
tensor1d-times:
0.56919
0.593642
0.740977
15.9679
1.80163
1.08099
0.586178
7.96647
0.956919
0.908561
0.777703
0.539462
tensor1d-gflogs:
3.70404
3.68179
3.12873
2.98669
2.7282
2.18253
2.9057
2.23966
2.2467
2.19424
2.18424
2.18671
tensor4d-times:
0.585157
0.612465
0.624964
19.2942
2.04751
1.2115
0.559286
9.96534
1.21512
1.15238
0.888536
0.585954
tensor4d-gflogs:
3.60297
3.56864
3.70952
2.47179
2.40058
1.94742
3.04541
1.79042
1.7693
1.72999
1.91179
2.01321
wetensor-times:
0.581475
0.603653
0.607415
16.0222
1.80591
1.09
0.52722
7.98769
0.955179
0.909366
0.7863
0.545607
wetensor-gflogs:
3.62579
3.62073
3.8167
2.97657
2.72174
2.1645
3.23063
2.23371
2.25079
2.1923
2.16036
2.16208
