输出时间和GFLOPS
tensor1d-times:
0.573577
0.594158
0.59417
15.8451
1.80222
1.0804
0.572219
7.98371
0.963803
0.907338
0.775206
0.542065
tensor1d-gflogs:
3.67571
3.67859
3.90178
3.00985
2.7273
2.18372
2.97658
2.23482
2.23065
2.1972
2.19128
2.17621
tensor4d-times:
0.577343
0.602643
0.608088
16.3378
1.83119
1.10573
0.515556
8.31189
1.00219
0.937225
0.792669
0.555111
tensor4d-gflogs:
3.65174
3.6268
3.81247
2.91907
2.68416
2.13369
3.30372
2.14658
2.14521
2.12714
2.143
2.12507
wetensor-times:
0.585222
0.60638
0.601319
16.011
1.80521
1.09113
0.458814
8.225
0.953574
0.905452
0.782642
0.548742
wetensor-gflogs:
3.60257
3.60445
3.85539
2.97866
2.72279
2.16225
3.7123
2.16926
2.25458
2.20178
2.17046
2.14973
