输出时间和GFLOPS
tensor1d-times:
0.570624
0.590683
0.582609
15.9593
1.803
1.07298
0.460608
7.95041
0.957146
0.908935
0.778855
0.54415
tensor1d-gflogs:
3.69473
3.70024
3.9792
2.9883
2.72612
2.19882
3.69784
2.24418
2.24617
2.19334
2.18101
2.16787
tensor4d-times:
0.577334
0.601571
0.603455
16.2797
1.83029
1.0993
0.512313
8.28535
1.00186
0.938468
0.796107
0.559798
tensor4d-gflogs:
3.65179
3.63326
3.84174
2.92949
2.68547
2.14618
3.32464
2.15346
2.14592
2.12432
2.13375
2.10727
wetensor-times:
0.58489
0.604021
0.601838
15.9394
1.8058
1.08482
0.464446
7.9923
0.956873
0.910418
0.78671
0.549416
wetensor-gflogs:
3.60462
3.61853
3.85207
2.99205
2.7219
2.17482
3.66728
2.23242
2.24681
2.18977
2.15924
2.14709
