输出时间和GFLOPS
tensor1d-times:
0.594979
0.613151
0.646027
16.4722
1.86936
1.10761
0.580908
8.29836
1.00695
0.941566
0.802307
0.561302
tensor1d-gflogs:
3.54349
3.56465
3.58858
2.89525
2.62936
2.13008
2.93206
2.15008
2.13507
2.11733
2.11726
2.10163
tensor4d-times:
0.694848
0.729646
0.801449
20.8653
2.31623
1.44482
0.985724
10.8918
1.30624
1.26476
1.04884
0.714231
tensor4d-gflogs:
3.03419
2.99552
2.89266
2.28568
2.12206
1.63293
1.72792
1.63813
1.64588
1.57627
1.61959
1.65163
wetensor-times:
0.579695
0.604089
0.613586
15.8717
1.81059
1.08754
0.530498
8.12889
0.971346
0.915286
0.787494
0.545795
wetensor-gflogs:
3.63692
3.61812
3.77831
3.00479
2.7147
2.1694
3.21067
2.19491
2.21333
2.17812
2.15709
2.16134
